-1 10 6 8 -1 -1 -1 -1 -1 -1 -1 -1 -1 -1 -1 -1 -1 -1 -1
10 -1 -1 -1 -1 10 20 -1 -1 -1 -1 -1 -1 -1 -1 -1 -1  -1 -1
6 -1 -1 8 20 10 -1 -1 -1 -1 -1 -1 -1 -1 -1 -1 -1 -1  -1
8 -1 8 -1 -1 -1 10 12 -1 -1 -1 -1 -1 -1 -1 -1 -1 -1  -1
-1 -1 20 -1 -1 7 -1 -1 -1 18 30 -1 -1 -1 -1 -1 -1 -1 -1
-1 10 10 -1 7 -1 -1 -1 -1 10 -1 -1 -1 -1 -1 -1 -1 -1 -1
-1 20 -1 10 -1 -1 -1 -1 -1 10 10 -1 -1 -1 -1 -1 -1 -1 -1
-1 -1 -1 12 -1 -1 -1 -1 -1 -1 12 -1 -1 -1 25 -1 -1 -1 -1
-1 -1 -1 -1 -1 -1 -1 -1 -1 7 -1 15 -1 20 -1 -1 -1 -1 -1
-1 -1 -1 -1 18 10 10 -1 7 -1 7 -1 -1 15 -1 -1 -1 -1 -1
-1 -1 -1 -1 30 -1 10 12 -1 7 -1 -1 20 -1 15 -1 -1 -1 -1
-1 -1 -1 -1 -1 -1 -1 -1 15 -1 -1 -1 8 -1 -1 8 16 -1 -1 
-1 -1 -1 -1 -1 -1 -1 -1 -1 -1 20 8 -1 -1 -1 8 -1 17 -1 
-1 -1 -1 -1 -1 -1 -1 -1 20 15 -1 -1 -1 -1 12 -1 8 -1 -1 
-1 -1 -1 -1 -1 -1 -1 25 -1 -1 15 -1 -1 12 -1 -1 -1 10 -1 
-1 -1 -1 -1 -1 -1 -1 -1 -1  -1 -1 8 8 -1 -1 -1 -1 -1 12 
-1 -1 -1 -1 -1 -1 -1 -1 -1 -1 -1 16 -1 8 -1 -1 -1 7 7 
-1 -1 -1 -1 -1 -1 -1 -1 -1 -1 -1 -1 17 -1 10 -1 7 -1 11 
-1 -1 -1 -1 -1 -1 -1 -1 -1 -1 -1 -1 -1 -1 -1 12 7 11 -1 